5954725
8155413
7930317
4940384
3753348
9997061
8209200
363260
7693856
7342302
7344452
1908269
7991177
7971143
1343518
4954175
8310756
2573519
2200158
143665
7715951
2019275
702914
1035102
556555
5052629
5338583
9393620
5618127
4248997
783141
7128512
5111355
844782
2951277
9300107
7861134
7819089
4336515
2560405
2184723
6317584
2853461
6060965
3104072
5198326
1523502
1365155
75036
2852434
5089732
7045802
4442524
8882536
4294627
664885
4944683
3692432
9733830
831458
4281947
8487614
3242034
1854085
7799962
9342627
6574496
6714269
6403293
4025048
5628633
3769308
6464607
7322675
6119372
2287742
989197
8663027
9109657
1702379
7469608
3923372
5925593
4644768
2552593
7497248
5530387
5643210
5796296
6950465
8736035
4810426
3615842
4857969
2007662
687331
7758831
9680201
108049
7821927
9190562
1020911
809666
9484815
8125234
8348617
3672817
4612433
4027699
4584503
9888178
8529130
996937
4459048
2625909
8197144
3662200
5683140
1653555
9890685
8658545
4646601
3481156
5730018
5542588
8675306
9701630
5846920
5654429
6449021
1740218
6037983
9208873
4140604
1457870
9535946
1218279
9198256
6331948
870311
6892206
460556
9638757
3131336
7951763
7329074
4705935
5278033
2497939
3411000
4059039
3360243
2180160
5002080
7304076
6452496
914291
4218949
467462
6122715
6471042
643671
6699044
147419
5594871
2229954
4409697
536682
4543679
7473868
1463463
6759205
3737504
4399724
8183251
7683685
9969450
953605
7464747
5359439
4739338
6288600
5670816
2904385
4497153
7711710
2480221
8267412
1671704
5390459
1535573
7922269
2057564
2236960
3073778
6008674
7478636
8586194
9649905
8133879
2458089
1758516
3558824
2534031
8732638
1487517
5040615
1313517
1173065
7184491
5992107
6720000
7766520
1513194
7447181
7637722
4226611
5464897
8593823
8798799
6358834
1494821
9378423
9506044
7458181
3447472
6615505
2748127
9188520
3820177
6272951
7577594
5439392
8141037
1647496
3600186
5766624
4055843
3991371
3213909
6169600
6340663
7537439
7331289
4990083
7209965
5795829
4173970
3199988
5435164
4092107
9617957
4309007
8720217
4552872
5436927
558493
5456202
4794797
1117114
40443
2512875
8080084
9210065
87549
7139736
9584176
4078351
9138848
1924225
7682249
2029719
8698870
860867
6029546
7956103
1167322
3682352
5425486
4169838
2816618
5696343
4226867
6168292
925519
3028260
2919472
7191920
6535464
182474
166204
6406581
1985067
988091
8169490
4574478
6626614
7762564
1907789
9624726
4334615
3987152
3478519
9584037
5516597
9747230
6874525
4282779
6939919
6877160
936520
5622572
8629430
1657642
3782566
1014047
6166448
4856231
7058972
977163
9692650
3506658
2509364
6644047
1031863
3739501
6105684
5380831
9474920
4942526
5050186
2646667
7604019
1354407
7944987
657316
1377822
9011512
3743138
4135215
7395331
8932156
1501553
2188237
4700892
4989206
9537695
7698608
6696159
7617160
4857019
4550130
3565730
4166396
7075109
5929892
6662116
9212982
6955968
2923106
158776
9733071
1329208
1914957
9973372
7043440
7460604
47150
8054860
7468003
8815260
3904279
4216551
1973370
8477728
3333991
9313461
8312305
2375687
2223106
4452170
2242181
8555177
7388977
7604916
6887707
2439778
9946457
5063614
4838482
9490873
9991372
4650599
231065
9973167
9650840
4206109
6166217
1017206
2869797
6381539
5730734
6464507
1304652
5773325
4362985
5998752
266219
669044
2554453
6958153
833909
3200432
4710401
8839761
4718950
2378713
1503728
3622219
7421803
6046262
2614837
3814197
8070648
5495049
9475908
538269
8227979
3960913
3616172
3313044
5418216
9498482
2657896
5433923
7491293
5985089
4943152
7993195
3428203
7328917
6583824
5164002
6931140
9499459
6913556
2758495
9666488
3797627
4039221
9951516
1282493
4775042
7882479
7120099
8329807
4243467
2170050
2882447
2480603
9600350
4085976
722820
8614911
8758997
329788
7947542
4986872
1724575
8274475
3186855
3062243
9325038
3535022
6395413
2332556
1616311
6048762
9957606
4451163
4251707
5032169
9907674
4020757
2320916
9283165
8137228
8131698
9302215
1520991
5594950
8437921
1181945
3605079
6438752
3260723
2139442
9008329
8581437
5165761
1856548
7789063
8289382
6232314
2328489
9028363
1632086
8772660
9003938
537255
4832948
8040070
3136392
5470679
6359543
8203173
9823458
9984864
4737018
560748
4787154
988891
2105748
2861304
6423826
437641
7611436
4347953
6621906
6950838
892310
8074128
5701671
596060
7926063
2419201
6596300
5880106
601034
159821
2156986
6840112
1038529
7520734
5883415
9889443
6524344
13419
160931
9496812
7946575
2671504
6400861
5301678
6066579
4919283
9308724
2089699
9853145
7413263
6255743
3371457
6514736
9435069
660264
2810332
6047623
790864
5623666
4440292
1262710
3143258
4972521
7639045
4387328
1712351
3309512
2260112
2986257
4645288
7896326
5507760
4540344
6354252
5779003
1343247
1919427
2438234
1976809
9806859
828433
6043438
9324331
7666148
7891437
1398206
7194413
8653578
8410708
5898057
5220840
3573388
2303401
5917348
3004534
1410234
3010606
1501197
9398924
6093324
7095518
8443278
2234004
4423779
5504744
5023571
7715111
5325738
3429561
4678202
2939
5723422
8568209
3454058
5800891
4178095
4604441
1580507
1571263
9626577
6270355
6465648
2676414
9665658
3295383
9690672
5883336
7846224
6592026
2338173
4202463
7363346
6046370
6347440
9764018
936623
5007408
3705358
1856551
1542190
9406184
9311948
9887513
7815559
4820358
715387
3512741
9182002
5731227
7897569
5574871
4854393
7306442
327934
5557703
6296467
4788226
6200656
3896511
4902168
1237632
6915001
7826666
3533544
4064014
3925082
6252181
7720607
4897696
516094
1525588
5334792
6014017
9076567
7019010
8287381
2817669
6390928
233192
5000064
4626637
9724091
8876133
2126164
1898145
6329364
6477999
9072927
456379
3494652
3282474
9316076
79266
4008794
193390
291703
6074927
1102099
7281523
9001609
1058122
1772578
1809876
5839087
5524527
9298759
4179333
638612
2523478
2348970
4014922
8953691
5475180
22306
9281321
5992257
5605401
8363911
5554366
6085355
1869176
6790616
8105742
4930690
3613276
3420540
3434746
2456954
2141005
8875065
5819411
5309615
69889
1034260
3837914
6149220
7146850
5640328
1218475
5258365
9092642
2772723
9642884
9180331
8737770
9699536
7379714
1242600
5730896
6437951
1909054
1661360
8352450
3932592
6658806
9372170
4038627
6391533
9703481
691373
5329972
1527666
3066042
9361506
8160954
695335
1072526
3733978
1905025
7984749
6957503
8399388
8970321
4005615
2339566
2632485
3236493
2645
3756931
1124296
8750164
9424457
9746721
2927550
2760899
8114134
5334292
8392362
8331323
7221291
7463047
1439138
6918683
4713163
4170543
7368683
4205121
8484126
7164560
8761929
681475
5926804
2747923
6065830
1669878
3383115
5735124
2973916
5367291
2939671
4904795
2006909
3985846
9703315
1186839
9987242
2003388
9341284
4020748
3904238
875147
6389025
6018979
8721886
1551831
9889407
6777089
2195798
7175233
5009324
1788532
4051448
1688926
2426164
5165777
1646378
2078789
519585
8254490
9198858
7996874
1832942
186298
4498065
1236405
5606391
7023578
3556670
6203007
8988945
7568133
9613688
8668469
2242203
3633698
222433
6025076
3691126
1969170
6017108
3697347
1517183
971892
4035838
8028683
2214965
8982301
6411146
4238356
3206583
7200681
7021033
4286743
4065709
4980567
9236281
2306045
7232132
1954254
2179037
3399942
7445900
863553
2941907
9804229
1549707
3831540
3452186
2218019
4225271
7929279
2901262
3381298
7428499
4740104
3824395
1041492
8739782
6255249
2639435
7108298
9386537
688503
824830
4929161
4680808
6258222
5468563
8914528
9103695
4783165
3502940
1212723
5516401
2009584
3180404
4385272
9506552
9493650
5293418
3992968
3892563
7983719
9909920
7605848
6957804
5332499
1474501
2028661
3295845
3527142
4338877
3164338
2622177
4784441
6450454
5386743
2420494
169025
2743852
6760573
3134907
5460943
4802904
5300059
1478652
595966
8675688
4948821
4515426
9342675
8845323
5726210
2350799
1642967
876177
408292
9692298
6773284
5401899
3163953
3893276
949030
3298159
5996799
4065416
2377510
6552350
6855460
4561058
2779071
7734025
97069
1067048
1831537
4200093
1283089
8701197
7386251
605597
2325399
9961701
2764195
1620822
6140814
1334426
7016961
934823
2126420
3424898
