1267856
5251351
6096613
6704094
7250624
107275
537929
1801641
9691061
8429597
7774636
3194643
4191663
9623870
757884
8809528
1301644
3788094
2150831
562449
4069646
563273
8951441
9093834
8313052
8945349
1177259
4728718
2889156
8170703
7351933
4385659
7010095
3561834
7501849
198604
3957721
7149057
3107670
7735818
9750220
5275476
523261
8718663
880095
8732730
9272895
5198166
8748906
9716493
4686300
1911200
2073200
6135643
438020
4340254
5392410
5410861
1158456
2208161
3438295
7569616
1556411
6109759
4269810
6485760
8639923
5110672
4253415
2964100
2142416
703702
8787153
5047287
1654468
4630558
2069286
1831976
857227
7682181
3531042
7978791
3598213
9082972
3486448
1653104
1447250
4290219
4120067
9897981
593895
5785742
8136486
141528
4302544
7547389
3765509
2261172
2372893
5134809
7776385
7474670
4994286
3855464
4287910
772031
7061878
3708469
5334758
6760630
730493
7163657
1869163
201139
1373024
2601126
4981425
945319
5109940
7520571
8624754
4075996
9421966
263538
1061503
5085360
4665310
1599844
3951325
210195
9250455
4185345
2477328
703017
6830429
5095011
7512465
7433497
7684232
5074653
5650519
985832
4073348
161108
6112172
5278090
5139041
3183933
3183501
5015929
1850810
2076271
4557515
2516010
4030876
6468661
6913450
5222737
4893969
8028132
4801854
415570
5133588
8427768
7662504
6537684
8378785
184016
251499
3649035
1777545
7439785
3073
7613186
5314932
6060963
4878028
5871586
1369417
3457314
4516252
5529000
4186858
7645646
6983630
4647401
8652823
9226233
7515799
3907207
8985749
8935662
1976310
6376554
4085164
3687623
6074396
5621132
1695115
675352
2201721
1594733
9413942
7031613
293358
3634579
7591529
2790812
6815733
6537698
1949993
8477283
5242929
8346498
6495774
633937
6494368
9807768
8772423
9705641
2927403
9283121
9308434
9775118
357863
5540777
6699829
8956561
1961274
6602104
6260374
6692568
3422080
436896
4799094
1780325
5908440
5496105
5343644
1320867
5257101
6732286
6850773
8712474
2423106
7939484
3101927
9787402
769609
7086678
2277500
3479355
5097414
2104665
1830259
1126233
8446326
4089411
2049388
4633430
2506591
7830513
8281398
7302595
6748472
2002478
655750
1697383
6835339
1861317
5672169
1399368
2133593
9082317
3968831
6759385
2126223
7812294
9201503
9390724
2431037
5115773
8123668
8794728
2293562
9562980
9628916
4067942
2707300
3538597
4592918
4861547
7220641
1007473
8332070
8016197
602641
8347350
149962
375602
9557405
1372649
5484278
8794801
4210971
7958571
9880258
1684776
9124464
5342450
9839050
5445514
4306629
3165054
3011544
9208257
5958727
2407469
2105910
3448113
6603410
4683232
3925660
4165200
9094944
1021660
6524892
6738701
9046529
8034868
5026749
578676
3675044
9494855
2316376
5014024
1763868
2137023
9696262
7222881
2362165
6406522
647459
9020775
514326
3164799
3788982
810730
8074026
5681214
1209091
1939302
2726119
9052549
7064726
4866277
2141879
5701263
6009586
187774
5851992
7536574
857687
3710084
8866068
3651110
6236228
8871818
990077
6413685
4446685
6239290
6813415
4048372
5934988
7528484
2365977
1823260
7352280
5254945
6713369
5148288
9201719
7861075
7503756
9230400
8990843
2221222
9334966
2498130
2633537
4656046
3422551
9193211
4380987
9662155
8061426
4085934
9904888
9263874
1450451
9838969
7017228
8747071
4007676
5647758
4839635
4871187
5276618
6715460
1491747
4932534
6391737
3743669
509625
4170671
4614640
6944377
1127620
8002223
5745881
843986
3571334
4568094
5470031
5876095
4713391
3561490
120215
1455963
3232702
6678516
7585828
5519953
1751238
341671
4920151
7805501
1628795
2192248
2421783
7171792
9277446
2597719
2231468
6723193
5944222
5118828
8863114
5616117
5196123
4102177
3675862
3671060
8784139
9763322
4348860
4290095
5086983
7013276
8703317
72154
6417177
6708167
4942122
20137
9115635
6883884
3154603
3333970
2970113
3565618
6205582
9849372
4514718
7685924
7850627
1049343
9505112
4306917
2760019
9032396
4282884
4018074
2189077
591469
8256737
6038502
5574381
4064435
4846242
6058598
6304555
1941373
6512371
1291270
6350613
623487
8162753
6796178
3511603
8509682
4984385
2392229
8698464
264938
5645496
679881
9532954
9014247
1564155
5649730
7812448
8210792
1802771
5005588
1934124
6303339
2975230
1740997
8493
6692442
3548667
4977622
6706230
5834812
225940
1471476
8919968
461690
7188908
9788724
5534857
7673969
1621315
2062648
5557417
3329566
3752995
7696016
9776806
5491628
2606388
9671756
4110725
145234
5611684
5378867
2182878
2721341
7273698
4840213
4131985
7373369
376942
8319202
4130560
1330928
8884675
4379401
8543954
4987151
6624876
5215794
8181910
9158695
934042
474288
3089409
4759315
1957059
8637601
1070791
8078492
6585329
7908690
1280455
4897338
9631821
3773923
7711720
8576798
4322562
3352917
2652451
8149062
5626313
8166485
4360002
2857614
705611
9798124
1803492
7301040
728619
180811
9725737
3319679
5397751
9945347
6388311
7604121
3777661
224007
4103013
1191810
3963540
7668476
4974675
8112528
6905882
4921262
7753947
2059326
9105290
4663260
1202843
5910492
4344520
5845981
9415907
3304184
6080048
2065933
4032196
8312036
7206515
5832192
8191483
7978127
4728415
87906
1230367
4913186
1030796
8093978
2315788
7116962
6164304
1834506
2601347
8741429
6801023
3527739
1570215
8747676
98903
8277457
9401580
1707675
5099695
3687692
6392773
3563491
6635919
9377549
2510751
3464067
389077
1935450
3961735
4793683
4667551
5907753
449315
5805758
826414
2875041
4516571
2359755
5847023
9504645
8113263
3394775
7149535
247447
5707709
1771889
649779
2537090
4735782
5888317
4954927
9107029
6608994
3213148
7323446
628612
4953008
7541587
2067367
9899511
3137454
5555220
2468028
7661759
4186826
2241679
6557348
474838
3648168
5878465
8627515
4796225
8399359
4059456
6195221
88006
1054934
5004874
495546
3344383
5857204
4566418
1133054
1922472
1065356
4323473
1035766
6756689
3810560
2125007
3226783
8356367
4669642
6223172
5904512
5119966
7591068
1040124
5191763
5675476
7054295
1107885
2042565
3233009
3135987
9598532
3754107
2975654
9415658
837987
1936949
69070
900580
7484959
1200058
2218576
4096704
8447315
4440303
4061676
2019996
4502559
3753648
2006214
8840210
4402677
363899
4626970
2700485
4653588
4634757
618477
6278280
1589523
2864623
2060850
3812849
7312107
2863392
5137378
3004806
4532488
6138396
728540
3079583
7765873
9293175
3202787
6078565
7059996
8217652
4061797
8363131
6830281
1142744
6791054
8107810
4788966
392529
4281975
4243510
9723228
6345742
2657252
8968123
6924047
372915
8179854
4943885
5356040
9795801
7349091
4939131
7065826
7217719
1290629
1716219
2989114
4445420
9367633
9380210
2189072
5501674
850200
2652783
9672740
9232945
5577279
6925420
7524962
2974445
2954522
3784910
9193439
7022154
5830610
8733668
9646218
505946
9704022
6469939
9937474
1675459
804878
4765446
3556122
1696143
261614
5124500
3405203
8183308
1260610
5300070
7172175
4433173
7083148
1235631
3576991
839772
2027423
7672470
7488961
7824515
4678524
8631006
334495
3212074
2541726
8827151
6559617
3326249
3454380
7882344
5385858
5914514
3129802
1705643
6165689
5608169
5493774
6018201
3016099
4513847
2964830
5846047
1108822
7597537
6785552
4265607
8077862
3223218
7852948
1195148
2768728
4827776
5693280
3449901
9721653
4446394
9929904
6182537
3850519
3382730
4650231
4999875
94225
2047948
1197628
5521204
2355795
9869812
5965945
1712911
1019563
6303553
8725047
8713880
6675065
7089410
3875158
8380751
4000144
7674265
471127
9707808
4944624
6881489
3814082
1876359
6893243
1052247
779590
294119
1129145
3486482
6335670
303879
656135
5027645
5356161
3004691
154100
6812882
2525945
7047134
2848976
1748945
7288056
2819038
9463745
1981066
2667447
9392383
3794936
8441347
7153226
1569109
2730848
1731922
1193254
5504923
7595738
2012258
6192577
6614008
4142846
1349670
8164663
4533002
8623143
7357940
8691271
1438096
8405747
627648
48873
2892455
6355974
5756813
1416070
598963
4978009
7169281
4259185
7326623
4440433
9521812
2160363
1965169
3675359
8648268
2753394
843559
5220076
3954263
2683470
1693780
7115469
7136218
6739286
955570
6495233
3189515
2877830
6227778
6467695
35648
9975308
9217733
5767989
4129657
5210534
8283885
2706300
9523647
3206698
138103
3263601
3957643
8516620
9771565
9782737
8825418
2750303
3570825
4375955
485849
1043904
8358222
1596837
3020532
4694808
1253218
5817479
5482129
1615509
4506311
1100846
5390166
8795962
4293984
8925793
3890482
1461424
7072083
9088056
2886317
2327227
6569575
1782629
4238338
2158873
3549200
1319863
6822385
3424860
7348966
4624336
6664795
868378
8511083
4656568
2924729
2160204
6474424
4922031
2078055
556653
4685819
5527699
773402
7708082
2954393
4772780
4162777
9929943
2776243
6185030
5380212
5447245
8961721
8046630
1371144
6201600
6682716
6132211
3531811
2727721
6072546
6651741
9776168
8750910
7585469
310534
2408153
7867028
6046247
4067669
8967908
8333704
8303980
1591430
3144046
9819050
7678845
6404227
4542465
2841349
9349603
8418542
9275694
9683911
9330303
3422704
8357665
5670562
4865500
6084504
1394529
9013577
2134914
6676104
3421230
7334545
9938879
451832
8600634
1009733
6835598
2250936
7129565
6805984
6536688
353475
7453111
9268068
5037708
4493775
1276117
7161290
433473
6843255
4692799
6723856
3136037
2698205
9295457
980302
9535114
8832723
6236336
7692340
2786634
2165280
8391886
6197748
3997861
32073
8399068
481601
262455
9898679
550852
9157651
3426266
3372382
9912821
7362865
4618128
1787010
90495
3802239
7495410
3665573
2119438
8604443
7342565
8213131
3329068
8789213
3209061
6016051
7609736
3544994
2616325
3851923
9240990
7453652
973631
7407087
6627314
9190407
5156844
1087124
4517811
796380
1995299
5155536
2051295
5209278
5914508
3377371
5763309
3807450
2470927
2689439
6395106
7688107
9228431
1725246
5896904
6439862
8944487
5315397
4138788
8545458
1693989
6448378
3899702
3137923
2914690
7085276
9423411
3317549
4787843
3715618
2635845
105859
3390537
395574
5845100
5577431
6303549
917265
4613143
9606363
7990496
6335932
